_C_feea5f32_0 84 0 e 0 0 3fe0 
_C_224a6fab_0 84 0 c 0 0 fe0 
_C_12a9c220_0 8c 0 3b8 0 0 3d202564 0 6f757420 0 25622c20 0 79203d20 0 72656164 0 25622c20 0 79203d20 0 72656164 0 656d705f 0 622c2074 0 203d2025 0 5f6f7574 0 6e617279 0 622c2075 0 203d2025 0 6e617279 0 642c2075 0 203d2025 0 5f6f7574 0 6e746572 0 20636f75 0 2025622c 0 6567203d 0 20635f72 0 2025622c 0 6567203d 0 20625f72 0 2025622c 0 6964203d 0 76616c 
_C_fca98268_0 8c 0 240 0 0 3d202564 0 6f757420 0 25622c20 0 79203d20 0 72656164 0 25622c20 0 74203d20 0 795f6f75 0 756e6172 0 25622c20 0 79203d20 0 756e6172 0 25622c20 0 63203d20 0 25622c20 0 62203d20 0 25622c20 0 61203d20 
_C_ee52d6d8_0 8c 0 330 0 0 3d202564 0 6f757420 0 25622c20 0 79203d20 0 72656164 0 25622c20 0 74203d20 0 795f6f75 0 756e6172 0 25622c20 0 79203d20 0 756e6172 0 25642c20 0 74203d20 0 725f6f75 0 756e7465 0 2c20636f 0 3d202562 0 72656720 0 2c20635f 0 3d202562 0 72656720 0 2c20625f 0 3d202562 0 72656720 0 615f 
_C_629285d0_0 8c 0 1e0 0 0 3d202562 0 6f757420 0 25622c20 0 74203d20 0 795f6f75 0 756e6172 0 25622c20 0 79203d20 0 756e6172 0 25622c20 0 63203d20 0 25622c20 0 62203d20 0 25622c20 0 61203d20 
_C_e7f7f382_0 8c 0 1e0 0 0 3d202564 0 6f757420 0 25622c20 0 74203d20 0 795f6f75 0 756e6172 0 25622c20 0 79203d20 0 756e6172 0 25622c20 0 63203d20 0 25622c20 0 62203d20 0 25622c20 0 61203d20 
_C_de65d751_0 84 0 d 0 0 1fe0 
_C_2fa2c648_0 84 0 b 0 0 7e0 
_C_5d6b500b_0 8c 0 3b8 0 0 3d202564 0 6f757420 0 25622c20 0 79203d20 0 72656164 0 25622c20 0 79203d20 0 72656164 0 656d705f 0 622c2074 0 203d2025 0 5f6f7574 0 6e617279 0 622c2075 0 203d2025 0 6e617279 0 642c2075 0 203d2025 0 5f6f7574 0 6e746572 0 20636f75 0 2025622c 0 6567203d 0 20635f72 0 2025622c 0 6567203d 0 20625f72 0 2025622c 0 6567203d 0 615f72 
_C_3f7d714e_0 94 0 20 0 0 1 
